2229.78
721.53
1988.91
1193.72
1700.36
2330.95
857.81
1348.03
1746.42
1978.76
1010.58
1064.74
114.01
1060.15
1205.77
1214.74
1554.01
305.40
944.74
1805.11
2141.09
480.95
1059.12
1710.73
2336.64
572.63
2285.26
2054.45
1931.39
102.55
1002.99
1351.31
560.22
1470.44
1646.86
430.29
2370.80
2226.64
1915.04
465.62
702.48
1870.07
1378.54
171.75
1150.88
1119.12
1573.43
1804.31
1472.41
1506.06
342.63
927.23
1055.18
2378.03
1131.75
682.41
1462.12
761.61
1734.31
1603.58
1410.80
744.01
2325.77
535.40
315.47
1948.25
2066.64
2319.20
1797.30
66.20
194.60
1268.61
194.31
121.61
1980.07
675.84
1271.46
1278.03
20.15
1060.44
369.20
1702.55
608.91
1484.96
282.34
1434.45
1079.34
2052.12
1675.99
1539.56
2205.47
1678.76
493.94
1420.29
2221.97
789.78
1704.01
2127.52
1536.64
633.80
122.85
802.12
571.82
1688.10
2242.70
835.69
673.72
31.46
1534.53
1350.66
94.67
894.31
284.16
157.37
2162.34
428.47
3.07
98.69
1329.85
350.07
850.88
318.98
99.93
1715.26
1472.77
637.08
988.76
1820.88
1421.39
560.66
214.09
284.60
2348.98
1987.01
1419.27
28.83
572.26
1910.73
1970.58
2046.57
681.68
926.42
1234.60
1199.20
2135.77
1888.18
114.60
1061.09
472.55
595.04
592.19
47.66
522.04
267.81
862.92
326.35
1930.51
1459.56
1988.03
1316.72
2217.37
1555.47
124.67
575.99
1592.77
949.34
1782.19
2144.96
2137.01
2216.64
290.95
139.56
2312.85
1762.41
1158.39
2241.82
937.81
925.47
1013.58
1080.36
2020.66
139.71
639.78
1206.06
1103.43
741.90
2241.02
86.50
1916.64
1944.89
2078.69
2122.92
936.86
824.01
378.91
2382.19
613.28
1968.91
1378.54
2304.96
810.80
1595.33
1491.31
1257.52
535.47
607.81
649.27
2271.02
150.07
1838.61
1316.42
2145.26
268.47
508.61
1526.93
1868.61
1887.96
2068.83
1457.59
356.35
1555.55
2317.88
1184.23
283.28
479.12
2225.62
1956.13
971.53
2244.38
1925.55
598.98
2326.72
1305.55
860.15
1337.45
1958.25
1491.02
1163.14
1162.92
2301.09
2111.31
601.17
1740.73
308.83
478.98
861.46
1588.83
452.12
1047.23
764.23
2388.32
2066.13
1046.42
187.30
2292.70
1782.63
230.58
1023.80
528.76
357.45
2219.34
2258.83
506.86
2009.93
36.42
1796.28
2247.37
368.91
1828.03
2120.95
44.16
1328.25
863.58
1334.16
89.27
369.42
814.60
133.65
2225.26
530.95
415.47
1490.95
1210.00
540.22
663.14
113.21
1889.27
1020.29
848.03
629.56
813.28
1339.34
1129.49
1792.12
446.42
1528.03
1864.67
2376.79
1332.48
970.15
662.04
1949.42
94.16
1114.16
1286.79
1954.60
816.86
1519.42
1904.23
1820.07
724.82
1269.42
705.62
316.06
751.90
2239.85
754.23
1647.66
1915.77
2336.86
1867.23
641.53
2219.42
1502.55
2033.07
1516.28
434.67
1428.18
963.21
1546.50
2356.20
244.89
1966.64
1284.60
3.14
1402.55
2356.13
1351.31
679.71
2129.05
2059.64
2015.91
2224.53
2205.77
1509.56
1453.87
928.25
845.11
1743.07
1726.79
202.63
879.05
1702.85
1630.36
1241.61
2.19
887.45
2198.03
1161.09
239.34
2342.77
1613.80
1383.36
1029.27
222.99
538.10
1525.84
2310.80
1925.77
1776.50
694.45
2138.18
2059.20
1375.84
574.96
859.85
1297.96
523.14
1129.85
1172.92
1736.06
1845.99
36.93
1734.82
40.07
354.53
1026.86
2346.57
900.22
1988.03
1596.35
1648.03
325.77
1074.96
1131.02
553.80
1946.20
2289.20
2306.06
1938.18
1511.97
1670.44
1354.53
664.38
364.31
330.15
2258.32
2300.95
2203.87
1289.64
224.60
42.55
1305.84
884.67
594.74
798.47
226.72
1719.71
1806.86
1262.70
570.00
1204.60
1383.50
147.08
72.48
1789.85
1401.24
10.15
1766.93
1717.52
660.36
1149.49
1510.29
445.11
238.32
786.86
294.67
1476.79
78.83
12.85
455.69
1315.40
1340.51
626.57
1100.22
2281.68
1724.82
1513.43
2097.52
2036.06
898.54
614.53
862.04
2333.50
838.61
170.36
838.32
1806.35
1472.85
2159.85
1565.99
953.80
361.46
1183.28
1194.74
876.06
1576.50
2370.80
461.02
14.09
1864.09
2204.01
727.81
1526.06
2299.05
491.61
1841.39
2076.20
1556.86
521.61
1974.16
977.01
2270.80
1051.90
424.60
460.88
950.15
1741.82
757.59
144.09
101.46
1766.72
907.23
1904.67
1071.31
1259.93
1110.15
1926.72
1901.02
2067.08
1940.80
483.28
1763.72
713.80
1789.93
1426.93
398.25
1165.99
1934.60
866.72
1284.89
2013.80
2232.77
1579.85
2194.16
10.88
372.41
15.99
987.74
475.40
1627.15
1577.88
303.21
2339.64
1820.95
1468.69
732.77
973.65
680.22
1140.51
2004.31
488.47
1102.48
25.99
1775.33
2106.42
1290.44
1495.11
1980.22
963.72
2251.75
1419.34
384.09
987.45
1736.35
677.66
1199.34
1280.51
1894.89
420.00
893.50
1926.28
1730.80
2287.01
2178.98
1781.68
1628.69
1104.09
352.99
292.34
599.27
1815.99
2155.62
2208.91
1564.67
343.28
2177.37
1360.44
540.36
787.59
904.96
2160.51
1347.59
1492.41
1393.87
2380.95
618.69
859.20
1685.77
652.41
1472.70
870.22
1282.26
63.94
622.92
1814.31
522.99
1957.30
118.39
2044.74
1612.12
1949.42
440.36
1048.18
2100.80
1412.85
2237.15
520.07
1529.42
1003.80
2121.31
1724.74
76.35
1426.13
243.36
1011.68
351.17
1939.12
284.16
901.02
745.99
271.31
444.74
339.27
1049.93
1190.95
1520.51
674.16
1565.40
1517.08
1936.57
516.50
2079.12
1876.50
1047.37
1687.30
1062.77
1030.00
2104.53
1808.91
1455.33
1546.28
318.18
523.21
1875.11
1783.58
35.18
2070.58
1140.80
564.09
1015.91
551.53
2124.82
1460.00
224.82
2359.56
2156.72
24.31
1735.69
352.70
1445.62
681.17
2237.01
2088.54
2387.52
1162.77
2142.85
379.64
132.77
775.99
226.06
454.45
1859.93
1479.49
253.94
1546.79
983.28
650.22
1893.80
1754.74
1145.11
1923.72
1975.99
530.66
1868.39
2326.93
2301.31
671.75
60.15
1222.26
2242.99
915.99
563.80
1239.34
1032.12
146.50
1451.90
1270.88
2328.32
1918.91
2270.95
1936.06
519.34
2044.53
928.91
2060.80
1146.64
563.72
1127.01
1796.42
2281.17
1708.98
810.73
492.04
1205.33
138.25
283.28
158.61
1062.04
751.53
457.74
249.20
504.01
1009.78
1188.39
1767.37
800.51
2202.85
1251.17
1645.55
1475.84
111.24
346.64
189.56
2193.21
2375.26
2304.31
137.37
1093.28
1489.27
725.55
995.11
125.69
962.41
1257.08
684.31
407.30
2037.66
1936.50
986.57
536.79
674.74
152.41
118.91
34.74
251.61
281.31
18.76
1704.09
1194.74
2045.18
2105.18
728.25
1693.43
1057.23
2352.99
2139.27
1802.34
733.58
105.77
1853.21
2035.04
66.86
372.41
1606.13
711.31
1884.45
113.87
164.01
296.72
1304.53
452.85
46.35
684.89
1403.50
1827.01
838.10
1622.55
1456.50
100.44
1587.52
1794.31
2374.67
450.07
107.15
23.28
1009.34
69.42
2107.66
457.01
1204.16
1952.55
1672.92
884.09
1307.30
1232.19
1016.79
1928.10
374.01
1551.68
2328.39
1913.87
1908.03
552.77
1378.25
801.24
2359.20
1959.20
1795.77
1899.78
629.27
513.43
762.04
1273.94
1453.07
2029.64
904.74
1389.20
1070.15
902.70
1531.39
638.39
2200.80
1254.38
69.49
83.28
1296.57
1664.53
2293.94
577.08
2255.11
966.64
456.57
508.39
1960.58
67.59
1610.95
818.91
1840.58
2258.54
668.39
1224.01
367.23
1328.39
2005.33
1465.55
1558.32
608.03
900.29
1092.26
1583.58
2027.15
2309.93
2029.42
488.91
1137.01
222.41
259.20
1144.82
1328.83
2273.28
1965.77
1770.66
1877.08
1334.60
238.61
1544.60
1740.15
289.64
308.61
1733.28
58.10
1270.80
707.74
322.85
1793.80
994.67
1584.82
857.45
2282.19
1535.69
188.76
2370.36
2186.64
1633.94
1696.86
682.26
316.42
1798.25
618.10
1438.76
1454.38
256.93
1609.93
1011.75
999.49
1060.00
1450.73
219.27
315.62
1817.74
1008.76
2203.58
240.29
1513.14
43.07
2017.45
335.84
657.23
623.36
581.97
1563.65
739.49
706.72
336.20
1694.89
1552.63
1267.01
891.90
274.09
950.66
1338.25
2242.19
56.35
405.55
1976.93
350.36
207.74
1784.53
679.05
1804.01
1675.84
1106.28
2041.75
1698.83
885.69
576.06
2285.91
1665.33
1734.23
1603.21
2132.04
244.31
513.14
103.14
862.26
1430.88
43.14
1797.74
2141.90
2293.14
473.36
2279.34
1177.59
703.58
1503.21
2170.73
525.84
831.17
1749.42
2147.08
213.28
28.03
1313.58
316.42
2305.62
1730.95
448.61
1302.85
1896.42
2132.92
378.91
2125.91
2262.12
29.64
1565.11
96.57
2234.82
1513.65
684.31
2176.20
715.77
1950.66
751.31
2087.30
2257.45
623.94
2165.69
295.33
1667.30
1779.78
1070.29
2057.08
922.85
56.20
1074.53
1684.01
474.23
2092.55
148.91
631.90
1481.82
980.00
1796.93
592.99
1724.23
795.62
352.19
68.69
200.29
704.23
1465.40
177.45
333.87
2385.26
1318.76
340.15
495.62
497.23
2376.20
1555.99
20.22
802.48
1165.55
302.85
2257.08
1746.57
1982.48
344.23
2172.77
857.15
1580.07
1555.84
2229.27
26.72
1125.77
230.95
1004.89
1681.02
56.35
639.12
673.43
990.95
1803.07
541.53
1725.77
2006.79
368.32
665.91
2348.69
685.99
1644.67
844.89
1938.47
962.19
620.15
1727.15
2245.26
2042.34
1846.93
1074.45
842.92
1554.82
1925.84
1162.63
1513.94
570.00
2248.18
1948.76
366.20
105.47
1841.39
1306.28
973.28
1447.15
291.68
907.45
612.70
2289.85
1250.15
787.74
894.09
1029.78
1050.88
304.53
1592.63
1210.58
784.82
484.01
2280.00
2146.93
47.23
1550.95
1661.31
1212.63
1135.40
202.55
74.60
991.82
1048.98
1946.93
2237.96
1336.64
69.34
447.30
1782.48
622.77
1879.12
1380.88
2059.34
597.88
512.55
2091.31
2139.93
844.74
852.34
2152.19
104.38
1172.34
992.04
1565.55
2333.87
348.83
2315.91
1917.01
13.07
2314.09
1923.50
696.72
2013.36
1542.55
2158.39
1284.01
1650.29
1747.59
1435.04
101.90
2363.50
1328.39
1123.50
2142.34
1338.61
2142.55
2253.07
57.59
1106.93
1315.69
484.31
1504.38
763.07
1144.60
948.25
1667.30
959.27
1588.76
1604.16
2390.29
626.42
839.93
203.14
1153.07
444.96
1949.64
2208.69
1093.43
584.45
776.13
1048.10
1188.76
558.76
1067.74
1328.25
1055.18
674.82
849.12
1375.62
1005.40
963.07
712.41
951.90
727.74
1850.22
2097.23
733.28
1147.23
72.19
716.93
2000.22
871.53
829.78
619.05
1828.32
1350.36
1415.04
1417.01
1793.72
191.61
797.52
924.38
1567.08
1113.28
2357.66
1604.82
190.80
841.09
2067.88
882.85
333.28
565.04
1064.09
1565.11
45.91
2263.80
1422.92
889.34
800.95
1633.87
168.32
1627.66
1986.50
119.93
119.27
1369.42
1067.59
2337.96
2373.43
1017.52
685.33
2253.28
1430.51
583.50
1240.80
943.50
370.44
1788.61
1762.12
1904.82
118.10
2298.03
1952.99
421.24
1737.74
1097.15
1910.66
1453.28
2098.03
2228.03
1978.69
1242.85
323.36
516.57
1614.82
577.52
158.47
1089.85
2130.66
1652.12
1741.75
1300.58
224.67
1460.58
1400.29
1209.42
1083.58
626.35
138.10
2336.93
2095.18
2333.87
1160.66
1038.03
2259.85
1137.45
1891.46
792.41
300.88
887.08
1484.09
1925.84
684.01
1752.41
584.53
231.61
114.96
369.20
2386.79
843.72
33.58
491.75
1305.18
2292.41
931.02
1637.81
1791.17
146.86
91.61
1379.34
997.96
1052.34
1204.74
290.66
1739.27
894.38
44.53
2156.06
1404.31
1611.31
108.18
839.05
1749.42
1251.68
883.58
1427.45
1970.80
705.47
678.32
86.50
843.94
2367.08
2125.26
1326.28
1428.61
1104.38
109.34
1900.22
1071.53
197.01
26.57
906.93
867.08
2389.64
674.89
1187.74
565.11
1547.74
1646.86
1798.25
1127.08
1599.49
618.54
1657.88
54.23
2147.15
2134.31
2195.77
1689.20
1347.88
890.15
395.84
1304.60
893.28
1777.30
720.36
1056.86
1499.93
1418.10
1437.96
2269.05
50.07
632.19
576.13
1025.91
713.36
1267.66
945.04
908.91
959.42
1821.24
2047.59
490.44
671.17
295.47
1375.11
510.15
51.09
1974.74
80.00
310.29
1045.33
2297.45
2038.03
2143.58
1895.47
2302.55
1293.14
106.42
1935.69
517.96
1907.66
1011.75
1460.88
2025.84
632.85
1335.04
1823.72
531.24
340.95
1033.28
155.47
479.64
1374.74
2288.61
608.98
1564.16
488.76
2220.66
642.34
709.20
1940.88
1768.03
552.70
841.09
1045.40
1511.53
1952.41
211.82
2150.44
1857.37
345.11
1814.89
257.01
2270.73
2073.07
2306.79
201.75
234.67
1430.51
2366.79
228.76
1368.76
834.67
299.27
1912.99
720.07
280.80
1243.87
1963.58
1673.50
705.11
1407.45
1558.91
1400.80
101.97
1207.23
700.15
2118.61
707.37
1957.15
1277.08
994.01
1313.87
1716.93
683.94
1225.62
203.21
2339.85
2070.00
1920.51
1895.77
286.28
1536.13
2121.46
584.60
1939.49
2282.26
522.34
422.85
115.33
1663.43
2307.52
88.25
337.45
1160.66
302.41
1793.43
84.45
1967.52
1666.93
867.96
13.28
320.44
347.96
1728.98
593.80
285.77
7.15
2015.99
971.75
728.03
1992.41
274.74
1330.15
482.26
881.31
57.66
1649.56
2373.58
229.20
1248.39
528.83
310.73
161.75
1704.89
1316.57
1851.46
538.18
28.98
514.45
1103.94
26.28
1031.09
1579.56
2198.47
1330.51
346.06
384.74
1018.10
521.90
2389.71
2206.50
1504.31
1805.84
274.74
2149.56
536.20
2189.78
578.76
836.35
956.35
1737.81
55.47
1620.88
1094.38
618.39
1965.62
1360.15
1223.80
361.53
646.20
2324.89
1615.99
1625.91
466.20
2270.15
1532.41
1541.09
181.24
2206.86
127.59
2060.44
1658.83
854.67
1430.73
1295.99
296.42
965.18
458.25
796.57
1753.65
1280.15
462.92
741.61
794.38
1705.47
102.48
1659.93
345.55
249.27
532.48
1389.42
1784.09
2129.56
2301.24
1103.43
1507.23
464.45
1389.78
1942.63
1335.40
1571.31
2111.24
1297.15
830.80
1667.81
1201.61
1369.64
608.98
2351.17
1475.33
794.60
1469.20
351.53
2204.09
1081.17
2108.76
666.50
673.50
1044.67
1775.91
530.51
2303.14
1426.86
1058.32
503.65
2032.19
47.74
2377.37
2091.31
1324.96
2077.96
994.60
342.77
1973.43
1857.74
1585.47
203.87
390.00
1513.50
958.47
491.90
105.33
1268.76
676.57
578.39
1585.99
393.36
2118.83
2349.12
1436.86
1090.22
2293.65
340.51
764.67
1642.34
345.26
1983.80
2147.74
2215.40
1972.34
1494.09
2163.14
69.64
605.33
1955.26
1968.69
2360.07
1492.04
1961.75
2231.53
2185.99
567.52
708.91
116.57
1079.78
999.71
78.69
69.20
2070.22
813.50
209.27
1096.79
1498.18
1000.00
581.39
983.87
1784.01
997.81
717.08
1669.85
1571.24
2252.41
565.33
1216.35
2187.45
1090.66
1845.33
2034.53
1197.66
1184.01
855.18
1665.33
33.58
527.66
325.99
568.10
1256.06
2343.43
2127.74
384.60
908.32
50.29
1231.31
824.23
1745.91
60.73
137.37
2122.77
180.22
1453.94
1987.74
2087.01
1423.50
1066.93
1571.24
1851.09
1321.97
458.91
1802.77
2183.28
1323.50
1967.59
738.61
2076.35
2241.61
1406.93
628.39
594.09
209.71
501.61
807.23
1750.44
2243.07
1163.50
2010.44
1864.60
1086.64
2314.53
657.96
2222.34
914.38
2020.22
690.22
178.69
72.12
1721.61
2368.32
1528.98
902.63
978.54
403.28
110.15
682.77
1038.25
1056.79
944.89
224.38
858.61
2079.20
1795.11
912.63
1508.10
140.00
2263.65
422.48
180.58
711.17
754.53
941.09
1705.26
1774.74
594.09
1866.20
88.25
464.31
2366.50
376.79
1019.34
1186.50
1374.01
546.93
2003.28
184.23
760.44
1779.93
1047.59
1628.10
1805.62
718.83
796.20
1927.37
1062.85
1328.39
110.36
2130.73
1291.82
333.58
2173.14
1851.53
1280.95
113.80
25.04
1101.09
211.97
1887.15
2093.50
1735.62
795.91
189.12
1219.42
1413.28
1389.12
844.16
2363.43
468.69
1978.91
2111.61
536.35
252.85
2288.25
1866.35
218.18
1383.50
147.23
1588.54
1295.84
1982.34
1864.96
659.64
2122.04
1951.75
130.00
1968.98
2130.51
1407.96
537.08
800.22
1989.34
1715.99
2038.03
1920.22
470.22
2026.13
456.13
963.21
366.13
2149.56
1684.89
1342.04
1109.78
2280.44
1293.36
388.10
2383.65
835.91
873.28
1600.15
1157.45
55.11
1108.32
1055.47
1660.66
1493.72
1237.96
79.12
1591.90
1056.06
2301.02
1792.04
381.39
1578.47
779.49
581.53
2376.28
2376.42
1119.27
1045.04
970.80
513.87
264.45
1303.14
262.19
1475.04
1383.65
1152.26
461.02
2242.55
356.79
1046.13
1244.23
1866.72
2201.53
2147.66
1899.12
136.86
1440.44
2143.58
2219.42
1171.90
330.73
1845.26
2135.47
1673.94
1349.12
527.45
1647.74
2188.98
17.96
2201.82
1438.18
1985.55
570.15
1210.58
944.23
1541.82
1609.20
431.68
1446.50
1955.55
572.12
1777.08
1386.35
1349.34
27.52
750.88
1032.34
1502.26
39.78
1286.28
1320.51
863.80
291.02
1306.28
2027.15
1531.24
974.89
1104.60
842.92
1562.63
2237.59
1734.16
897.59
207.15
745.55
55.99
1995.62
1775.77
2290.58
254.31
2245.77
288.39
1176.42
635.55
2086.64
2376.35
307.08
1826.79
1515.91
1213.28
1196.35
2366.35
1659.05
2005.62
1941.82
1493.07
1484.23
2248.76
1743.28
1435.18
800.80
969.64
2175.47
305.91
347.01
2350.15
1400.88
1390.15
537.01
1845.99
235.40
1228.10
1633.14
1516.20
1901.68
1415.40
2128.61
2019.27
464.53
1741.53
1443.65
1539.34
269.93
263.94
2109.49
1996.86
2374.60
1219.20
873.14
2261.46
408.47
2099.20
623.43
347.52
614.96
1254.31
1709.12
638.83
1060.15
731.24
882.70
611.24
1866.35
2182.41
284.45
58.25
557.23
1994.67
2023.72
903.07
1291.09
2157.01
989.56
363.50
984.74
1960.66
1677.96
564.89
237.96
1401.39
2304.38
1489.85
2060.80
512.85
689.93
361.02
870.15
1582.48
1068.32
221.61
1295.26
870.44
2154.96
582.19
2287.74
700.66
636.79
1600.66
427.08
2235.62
2384.45
1839.27
537.01
236.57
1397.81
1930.80
1397.74
2306.57
108.83
1373.07
2074.01
638.91
2351.09
784.09
1427.23
89.64
2391.53
1621.53
453.50
1894.09
1790.07
1346.13
1544.09
1402.70
944.53
2343.94
2349.20
2003.58
1870.66
1493.65
2260.07
758.91
166.93
218.98
57.37
543.28
323.94
1913.72
738.69
1818.39
1233.36
701.09
507.01
130.58
406.57
170.58
1418.61
2262.04
2028.98
1473.87
753.07
1014.82
819.71
1814.96
1821.31
490.44
970.58
120.73
841.46
749.93
1473.21
697.88
1380.51
230.22
2322.92
2094.74
1427.01
1342.34
1178.69
244.96
2198.83
1087.66
1483.07
285.04
494.01
2345.99
1619.49
1544.16
1731.97
1361.68
462.41
327.37
1138.69
1432.77
857.96
1299.34
1319.34
1154.38
944.31
768.69
1712.48
44.53
295.40
2042.41
1858.03
998.10
1229.05
2232.70
1811.02
2169.42
1169.05
1117.88
971.68
780.80
1848.98
141.82
190.36
1457.96
151.02
1492.85
1242.04
1362.34
719.64
1655.91
1354.09
2123.14
793.58
1339.05
800.22
1706.28
1744.60
2249.12
2108.69
1870.95
159.71
657.81
2156.13
1094.16
996.86
855.33
1139.78
1439.20
865.62
1027.15
995.99
1638.61
705.91
961.17
516.86
85.47
701.17
865.11
393.14
1528.76
820.44
38.76
1516.64
940.07
487.08
559.05
203.80
532.70
1634.09
804.45
1941.75
2308.03
1468.32
718.76
2308.18
1016.42
730.07
1249.64
2109.42
1228.76
1810.51
727.66
604.60
2085.26
988.18
1713.43
376.35
2118.03
1766.42
2378.03
1199.42
1200.58
952.34
295.18
2117.45
1791.68
770.51
1844.53
1039.49
878.76
1043.28
525.26
1497.30
1097.15
811.75
1092.85
1525.26
1337.81
1699.85
199.93
614.23
102.12
1733.94
451.39
2091.82
619.27
622.26
2041.97
1437.15
757.01
422.92
1050.00
68.91
2183.94
1078.47
741.68
1629.49
289.85
1055.91
382.12
1602.85
1280.29
178.32
1390.95
1434.60
1642.12
535.69
124.74
588.10
314.01
169.56
2338.47
97.66
285.84
1729.71
2298.61
2146.13
597.74
2093.94
2262.55
957.66
41.39
1894.09
943.50
2154.96
1575.99
937.81
367.52
1291.31
492.26
1726.86
402.34
1758.98
348.32
1412.77
1662.12
394.82
1441.82
1565.55
419.34
1847.01
1059.27
1745.69
1011.31
1985.26
493.58
1471.31
671.24
1417.37
668.91
489.34
972.12
1353.65
497.30
415.69
814.16
2221.39
1332.41
45.11
1226.28
323.28
551.90
1746.86
829.05
550.80
1551.82
2112.63
271.75
2176.42
1657.81
1015.04
1666.50
2046.64
1978.76
2243.07
2196.35
900.51
709.56
1604.01
1406.86
2125.26
1947.52
237.74
2223.72
630.88
1529.85
762.77
1286.20
1385.26
1091.68
82.77
1260.88
711.46
2284.31
1051.09
62.85
982.70
1259.49
1811.24
1609.49
1384.53
2330.36
1753.07
641.24
1892.85
1552.55
2036.06
584.82
1408.18
2188.61
1352.99
252.63
883.36
839.34
760.36
1175.84
1952.70
1422.63
1506.42
68.91
2333.28
567.15
117.01
1478.47
31.90
1600.15
546.50
764.74
453.21
698.03
2209.71
1170.15
173.14
2378.54
444.60
770.66
1269.49
727.23
1274.60
1108.25
1271.17
280.88
914.96
1999.78
658.76
1000.51
1254.31
835.33
1680.44
2122.12
2189.34
1523.58
2146.28
1938.61
1381.68
1167.37
1018.03
464.31
2111.53
288.98
322.26
1169.05
1.09
2296.79
1070.22
1992.12
1902.04
175.04
1630.00
524.01
2276.50
2195.11
1017.96
1174.38
1458.39
1348.98
1204.38
1378.10
692.48
97.88
1332.92
2061.39
934.16
2313.07
1866.64
285.26
102.85
288.32
1993.28
2112.48
1420.95
250.00
1127.74
1657.23
1221.61
1829.71
2193.72
239.78
2341.97
1235.11
1213.72
2039.05
2351.46
555.04
1550.66
368.61
339.78
2045.18
1451.17
994.09
215.18
923.80
411.02
944.60
1618.83
968.83
1714.53
328.25
1849.49
1866.86
1655.04
1483.58
2296.72
1739.34
193.43
1221.61
2115.99
2065.55
2035.26
2244.45
1344.60
1024.74
2221.68
1659.42
976.93
745.62
1753.43
1809.27
671.02
134.45
1899.42
1336.93
738.83
1162.41
1180.95
2138.03
1917.59
282.55
1087.88
2079.78
7.30
33.72
1465.91
1962.77
2356.86
541.39
1196.42
1388.18
1096.35
1190.00
1852.19
48.69
1853.43
878.25
1248.76
630.73
2189.64
821.75
884.16
1145.47
1751.90
707.08
2227.45
1577.96
563.36
1727.59
1498.98
711.46
476.13
131.17
954.23
843.21
2088.69
1551.53
870.66
1030.29
191.17
1484.89
2207.88
1365.69
1134.60
453.28
883.50
1316.79
608.54
1606.72
1243.36
273.28
234.82
1902.77
966.06
80.58
1462.19
1154.45
1291.31
963.28
156.64
1814.09
1987.08
180.88
1695.84
2260.00
1459.12
1564.09
1030.95
1896.42
2079.49
2220.80
144.82
1699.71
477.01
437.66
194.31
1778.32
1133.94
632.63
104.89
1106.20
1939.78
1982.04
1092.70
997.30
2004.38
1588.54
1044.96
736.79
1908.54
1205.69
2153.94
1289.34
1249.05
549.20
1382.04
715.77
1925.62
2086.86
1506.13
2001.09
500.88
772.26
359.05
184.38
1997.81
354.01
798.83
585.26
198.25
1026.35
1417.66
1533.28
2250.07
51.31
951.75
570.07
1986.42
346.79
323.50
582.85
1290.80
1700.80
1790.88
693.58
654.23
698.10
1095.77
981.02
854.82
331.17
786.72
1078.91
1484.23
368.69
2338.69
197.81
2375.04
547.96
463.43
142.41
828.47
2015.04
1809.85
2129.27
264.31
809.34
560.22
1366.79
1664.74
1870.66
92.34
1298.25
611.17
1918.91
1254.38
1239.49
1945.62
780.07
977.66
839.85
709.20
1466.50
704.45
1407.81
1185.55
1181.17
1384.74
2084.09
1174.82
527.08
1262.85
1999.05
1366.93
1994.53
1908.03
1612.48
425.55
1091.75
441.68
22.19
2165.84
986.93
2118.03
573.36
220.66
1405.18
115.18
29.05
64.67
2218.10
2140.22
2336.57
737.23
1169.93
475.11
1154.89
918.10
2259.78
945.47
880.22
1924.67
2265.77
264.01
1201.46
529.42
631.39
918.69
569.85
1571.24
200.66
895.84
1019.27
206.20
968.61
1963.14
359.27
2039.85
2171.24
111.75
2012.41
2285.40
530.51
1883.80
2208.69
1756.93
2368.83
1482.04
1551.53
2368.91
1533.07
657.01
667.37
154.67
637.52
1484.96
644.38
2189.27
1254.82
1411.68
1456.72
1716.57
2296.72
1997.96
2338.03
51.53
1575.77
945.62
2083.58
2383.50
1519.93
366.28
853.07
1904.82
2073.50
872.34
1454.16
1372.55
889.78
100.80
2110.22
423.21
592.48
1127.30
219.85
139.71
157.96
1544.09
1503.14
1026.20
1288.83
2144.96
1421.82
446.35
2047.88
1207.30
239.56
1557.59
1447.23
1355.18
1867.30
1527.81
1612.41
2168.83
454.82
2160.88
122.92
741.46
547.74
1149.49
2201.31
2049.85
624.23
2299.12
2299.78
1544.01
180.58
549.05
633.94
1619.27
842.41
1660.95
1820.36
456.42
1874.16
1306.79
1372.48
542.63
1224.96
170.15
492.41
1669.34
91.61
1318.54
2292.70
1801.46
610.22
1881.61
1184.45
1706.72
1832.85
1831.17
2279.56
864.38
343.28
1237.45
1220.22
2066.57
669.34
1621.53
1946.79
272.19
1182.92
1912.48
422.92
1830.95
1307.66
2238.47
2263.50
1798.32
508.69
1276.20
2283.36
1337.66
1398.39
387.66
1087.88
105.47
1784.82
268.69
1075.40
171.53
2345.84
946.86
1958.91
1814.53
405.91
420.15
365.26
1434.23
1282.48
381.97
1660.88
624.01
934.74
2365.26
724.74
766.06
85.11
359.49
2004.96
1760.95
1153.58
1068.91
2095.33
780.95
338.83
1328.32
383.28
90.07
332.99
1681.31
1667.30
686.64
991.90
2379.34
2148.61
378.76
623.65
1011.02
1625.11
1749.85
1093.36
208.39
2199.05
788.10
1572.26
1585.77
448.91
2298.25
437.66
1533.28
347.52
1776.57
2111.53
898.91
1258.03
1392.04
508.25
1128.03
247.30
2148.18
457.37
1285.04
1318.61
1598.76
936.64
2013.43
1440.73
1378.69
1480.44
2155.77
985.11
1304.16
1043.94
1265.04
1275.18
1045.26
458.98
905.99
981.09
476.64
1681.53
1233.72
1900.36
575.04
615.18
98.91
2371.68
751.61
195.11
735.62
822.92
1664.96
2249.56
1794.60
2050.44
2226.57
38.61
2087.45
894.01
2236.28
1741.39
981.90
485.04
1751.46
1552.77
501.82
1461.46
1452.12
414.74
2031.61
194.16
2281.02
217.88
1287.88
1779.78
1445.69
1745.33
766.93
2131.82
2195.77
1948.32
277.96
2328.03
976.72
1690.44
1514.82
2370.80
468.47
417.01
1625.62
1641.90
149.12
844.09
2166.35
1043.36
934.16
123.65
1222.19
621.24
1841.09
148.47
2258.32
2014.89
1312.04
1491.97
309.05
2352.70
278.25
1688.39
591.09
896.42
464.89
618.10
1451.24
271.46
2195.55
217.01
1515.99
2058.25
2369.85
1275.99
1221.82
108.83
1657.96
1290.66
1192.19
65.69
58.03
912.34
1123.58
1476.42
1820.44
1433.58
1647.59
2073.80
1709.20
858.54
871.68
1276.72
2305.33
2086.93
25.18
294.01
838.39
98.76
346.13
2196.06
33.87
2330.88
850.51
2162.34
597.15
1296.35
647.74
2361.39
1120.22
1472.48
1091.90
1011.82
1300.58
376.20
1865.11
2039.64
774.01
1932.55
634.31
2055.55
1408.25
324.60
2336.42
1068.25
576.28
472.63
2288.47
832.12
0.07
1369.56
1798.10
1368.39
939.05
1247.30
1336.06
219.27
747.45
1027.52
1244.60
190.00
2236.28
453.43
487.96
1436.86
635.62
1624.67
1891.61
398.69
253.43
2372.41
27.30
131.82
1708.47
1373.94
849.85
1926.28
2267.23
2225.33
1406.64
1896.93
389.12
102.92
253.28
697.01
1566.79
421.31
380.58
2211.61
2213.87
495.91
1139.85
2202.55
1306.86
361.97
768.39
166.50
2183.94
68.47
1217.74
1891.24
1585.91
1761.02
1009.05
528.47
97.23
183.58
1303.58
1732.85
2370.73
1438.47
1346.35
1753.65
632.63
1015.40
1294.89
773.50
740.51
1589.05
549.34
1041.46
577.88
1596.35
30.29
338.91
1583.94
1607.45
1303.07
2080.66
1470.80
162.63
1427.74
2362.55
1090.88
2170.80
352.12
1566.86
2208.91
1974.38
591.75
836.72
439.12
53.65
1664.53
2329.78
329.42
1124.67
116.35
2264.09
1842.85
2375.62
2389.42
449.05
1959.71
916.86
1574.31
964.45
1311.68
488.25
1835.69
1370.88
2168.69
1055.11
891.82
124.53
2038.98
1563.28
2378.18
446.86
298.69
1876.93
1961.53
2052.85
583.72
685.18
2291.53
2040.00
50.07
1709.05
656.50
1126.20
857.01
1078.91
2038.18
661.46
1492.26
1697.74
1432.77
952.41
901.68
1150.95
91.82
674.96
1746.06
1370.73
1941.68
739.20
301.24
964.31
2215.47
422.85
1944.45
1674.09
662.63
1095.84
1908.32
1836.42
1139.85
569.49
1336.72
1131.82
1248.03
567.37
717.30
1452.92
790.07
784.74
63.65
1872.41
1619.64
2034.01
541.46
1239.34
1346.20
1509.20
1035.26
1602.92
1303.07
275.99
1091.61
2072.70
149.64
1236.06
1344.67
233.43
689.78
930.36
900.44
291.61
1279.27
1266.13
1919.56
2016.50
1793.43
1478.18
1741.82
749.20
313.50
1195.47
1925.55
1242.92
934.82
1231.82
194.09
1461.82
1680.00
1877.30
1839.85
1721.90
2055.26
2054.67
2224.38
84.23
1623.43
1506.72
845.04
683.28
431.90
2204.01
998.91
683.14
1369.56
1572.63
500.58
1680.00
1373.14
40.22
1632.92
1675.33
258.69
1149.20
342.19
1479.93
2139.85
426.64
1990.58
807.45
2331.75
1053.28
2151.82
1174.67
1671.39
2294.16
1289.71
434.96
494.38
1125.55
1371.17
844.89
2239.27
855.40
634.74
1140.73
444.45
202.70
1536.93
1699.49
637.01
2077.08
260.36
436.42
649.49
1172.04
1508.69
1339.05
2390.36
1574.09
661.82
1330.00
130.00
1973.80
934.60
1276.86
1586.28
2071.90
437.01
2057.88
561.17
1254.09
36.57
408.10
464.74
73.43
406.42
466.57
302.92
1924.23
890.22
737.08
1804.53
1528.03
2053.21
1085.47
1883.72
668.91
632.55
1444.53
411.61
1921.02
282.12
972.34
1844.45
1670.73
515.18
429.12
20.58
148.10
1591.53
2167.15
1212.26
1932.55
2101.97
931.61
597.81
730.00
688.25
527.66
726.06
816.57
177.45
1715.55
1489.49
1974.45
1649.27
1172.99
2340.80
315.47
1068.54
1897.45
1282.04
1180.58
2309.49
741.61
267.52
838.39
1800.51
1292.34
1548.47
141.53
1670.66
1041.24
2210.07
2080.15
1840.73
1058.83
130.51
1379.85
1630.36
1471.61
1868.61
1797.15
1987.15
2250.58
267.08
2288.76
637.37
1313.80
774.09
2057.96
2359.49
2275.47
2082.70
1532.63
802.34
2317.96
524.45
1441.68
1885.40
1220.73
354.31
961.97
2151.24
2023.21
1298.83
1886.64
1673.21
1301.90
516.20
652.41
766.72
1727.15
1867.23
1486.72
312.34
1826.57
282.12
1418.03
382.26
403.65
1094.23
1937.88
236.13
1633.28
1463.94
448.18
1554.01
878.54
938.69
1932.63
1228.25
1828.98
1759.64
1593.87
1894.01
1953.36
1380.15
420.58
207.88
1649.71
2386.28
2035.62
190.73
395.47
1624.01
168.39
2076.79
1796.50
465.33
776.06
2024.31
402.85
410.15
2050.95
968.32
894.16
2037.81
256.50
566.13
1840.51
207.59
2033.80
1259.20
1816.50
696.42
1096.50
1927.15
736.50
945.69
413.07
1808.54
1567.96
765.99
1916.57
1771.68
2034.38
23.14
1787.88
825.11
598.32
1317.23
1851.31
1696.06
1552.55
988.03
980.00
2230.07
458.03
810.44
969.93
791.90
1726.64
2185.62
346.72
1988.10
1751.61
841.75
995.84
663.07
1341.97
1252.63
1082.34
2243.43
2390.95
1817.81
1540.88
2370.80
2306.86
1106.13
1994.31
640.73
930.44
124.31
1423.28
89.56
2374.82
684.38
970.29
275.55
201.61
1141.17
283.65
176.20
124.01
1533.87
1527.08
2004.74
1679.20
266.86
500.44
1073.36
236.35
1540.15
525.11
644.16
146.13
1314.45
2228.76
1017.01
2332.34
2112.55
99.20
1795.26
184.38
526.13
1129.93
64.23
2064.38
120.95
754.01
1897.66
1870.44
783.72
751.17
1223.72
2076.13
462.55
1934.09
870.66
1120.95
1004.38
1285.84
1121.82
1734.38
1421.09
501.02
1897.81
2296.86
1382.04
591.68
1298.69
1511.09
655.84
1468.32
748.18
12.19
556.57
292.26
1863.72
488.69
293.43
334.09
510.22
1902.99
1452.99
217.23
1431.02
1340.07
1555.62
1589.34
1510.73
1467.37
1873.07
318.32
939.93
1256.20
882.04
1648.18
2295.62
1432.41
932.85
491.24
1796.13
2307.96
1898.76
779.12
2106.20
1542.48
2211.09
697.52
723.65
579.71
179.27
984.23
65.84
998.18
1650.07
1384.82
462.41
1912.92
595.18
1785.04
646.13
1193.72
869.42
1814.53
434.74
2070.15
283.28
1091.82
1492.63
1577.74
448.54
1080.07
865.77
684.96
1810.22
1155.11
1880.44
597.23
1879.05
1816.20
1222.63
1158.54
1521.68
464.82
705.26
1723.72
1445.62
2248.18
149.64
1288.98
912.70
300.44
753.43
643.94
2343.21
498.61
1681.09
941.82
358.76
2011.61
115.40
1451.17
1980.44
1585.69
1422.99
452.34
1516.72
2206.64
1837.37
2042.48
2303.36
801.61
539.64
1718.76
1653.65
199.12
1149.12
1340.29
88.10
876.20
2100.29
27.08
1429.64
969.27
497.01
2030.58
254.74
736.72
1745.69
92.99
2216.35
1682.26
2153.87
1639.64
1974.16
1310.22
1375.69
1309.34
126.57
31.46
2323.21
653.58
620.80
2057.23
413.07
35.04
674.01
488.91
1089.56
1369.05
787.37
196.13
522.26
1750.58
1441.17
1720.07
1905.11
2259.34
2092.99
2185.99
2254.96
26.50
161.90
1040.95
610.80
2206.64
836.72
2022.48
799.12
1236.13
1905.47
1564.89
2264.09
250.22
321.68
493.94
2357.15
1730.22
1446.86
514.89
1190.73
416.13
1147.59
818.18
1358.39
1188.25
616.20
1752.48
801.75
104.53
173.94
2186.64
2219.12
1917.88
834.31
2295.62
1419.64
300.95
544.74
782.26
1936.20
1277.37
1925.55
662.19
1557.88
1736.79
1682.12
664.74
486.28
1140.58
34.67
728.54
696.20
1348.10
342.48
1035.62
759.85
917.08
1389.20
1536.42
1158.47
992.70
342.26
545.33
424.01
439.78
1678.83
1749.27
1918.03
2115.18
2252.63
1899.71
2022.04
758.69
416.20
2016.42
1074.01
711.09
1764.45
21.97
649.78
450.58
49.27
460.07
2213.43
1724.74
1507.23
1607.96
1829.12
1794.74
1784.60
420.80
742.77
259.93
444.96
1927.23
215.18
504.82
514.38
1759.34
415.62
1359.64
1509.05
192.26
459.20
2070.00
372.63
2024.16
261.82
1814.82
1592.19
876.28
1297.37
125.77
692.34
310.29
2145.84
974.23
2171.17
978.03
269.05
568.25
200.73
1417.08
685.77
2286.35
2290.51
1504.82
2321.97
523.07
317.37
1170.15
977.23
788.91
215.99
119.56
1209.71
1098.76
379.78
744.31
1934.16
1991.02
1366.86
829.34
654.31
1304.16
1539.27
2150.73
260.44
393.58
1433.28
54.82
1125.40
1832.48
193.21
1631.82
698.47
1361.68
2081.46
1700.95
73.87
1968.91
2046.13
96.79
1463.72
242.34
1844.82
1432.26
835.99
1580.29
1788.32
1898.39
308.32
51.31
467.74
2341.39
1505.62
1012.85
147.52
1948.25
2079.64
756.57
2353.94
2214.31
2044.31
1288.03
907.74
1834.01
1463.43
819.49
2373.87
229.49
927.37
2205.84
2248.83
2316.79
707.96
1427.96
1869.42
1563.87
459.71
747.45
1539.12
911.17
140.51
1459.78
2235.55
771.75
1628.03
1735.47
1623.65
1723.72
2138.25
2313.58
2387.81
1339.56
447.74
91.53
1863.65
1671.61
2243.14
1078.61
117.66
2054.45
155.40
1661.82
239.34
919.12
906.06
746.93
2117.08
414.60
978.39
1289.20
1730.22
1653.65
2374.82
1589.78
2013.28
1121.97
966.20
1844.53
1880.58
2377.01
726.50
8.39
559.12
955.84
708.76
72.63
562.41
2063.07
880.00
2034.38
1008.10
255.55
2374.09
1437.74
489.05
2222.70
442.34
1252.70
1200.80
351.09
673.58
1783.58
49.71
2091.97
1751.82
75.18
1497.45
1292.70
1632.19
385.26
1988.83
1295.04
1498.18
220.44
2245.40
2271.39
2192.63
1341.61
2054.38
414.01
971.61
667.37
350.88
2338.32
16.06
915.11
667.30
1857.81
1064.38
691.82
1695.26
1423.07
2386.06
1481.53
1735.04
1462.85
1159.05
810.29
1562.04
1651.31
730.29
1859.27
1000.51
1918.91
1903.14
1630.73
42.85
1785.47
1648.61
2289.71
2196.57
184.23
2303.65
610.15
2196.72
1531.75
2032.55
148.32
1209.27
1509.20
708.18
1071.31
569.27
1363.07
1557.01
306.50
438.18
273.80
2063.94
2382.63
2259.12
248.03
2315.91
1873.58
733.50
1785.11
362.99
4.96
76.35
855.69
385.26
1980.80
2003.28
1320.66
849.93
188.69
207.08
707.30
407.81
2256.06
531.75
1740.29
672.77
1483.14
1144.67
370.15
578.83
1246.50
2143.94
302.85
2122.04
464.45
426.64
2383.21
652.99
1491.61
987.52
2092.26
1054.74
153.21
473.28
914.53
1878.76
151.68
470.73
257.15
731.24
1989.20
1571.90
418.98
1252.85
1462.63
2209.12
1993.50
837.45
496.13
1137.88
1110.00
1619.78
786.79
1251.68
2207.01
2352.26
2164.16
1647.59
1472.99
1740.36
57.45
1935.99
526.35
1951.46
1578.47
930.58
1077.23
2205.62
1995.26
1752.41
1873.65
2256.50
899.27
700.00
1295.69
887.01
2232.26
622.04
589.93
2052.92
939.34
2226.42
1539.49
1840.07
868.98
2101.97
738.32
2353.50
2107.81
1115.69
575.40
1785.40
2371.75
1734.23
827.52
1997.96
868.76
322.99
533.94
2001.82
1418.10
808.39
361.68
1922.70
850.58
745.26
1649.34
189.12
134.67
92.41
1905.11
1358.03
335.18
482.26
2081.97
567.66
1715.55
2233.36
1486.93
304.31
1573.50
377.66
431.53
1554.74
1948.69
1303.07
831.02
1110.73
1264.38
1486.72
941.31
1678.98
175.04
147.88
750.88
1982.04
467.96
1647.45
2258.32
2205.69
979.34
531.90
2017.88
1547.01
466.50
722.19
843.65
1689.78
1829.85
1950.15
1746.20
138.83
1316.35
158.25
1857.08
1590.88
150.66
1937.15
2034.74
178.03
698.76
1652.04
1638.83
1424.60
693.36
261.97
2165.69
874.82
244.82
132.55
1583.87
191.53
1681.39
2226.13
669.49
1601.97
200.88
2157.37
789.27
1694.01
387.96
1930.29
80.36
1979.12
1568.25
359.93
958.98
2212.12
1404.38
521.17
31.68
1059.64
1365.77
2010.95
2040.80
1201.75
1289.64
2015.47
218.03
404.82
151.39
1671.39
553.94
1528.25
2220.44
1050.73
1263.80
1476.79
274.82
784.82
174.53
1627.37
2022.34
833.58
1107.59
2135.11
2037.74
62.92
1094.31
1120.58
1242.26
1488.98
1252.70
1803.50
152.41
541.09
1636.35
749.56
953.07
1863.28
1357.37
955.77
2026.50
1345.47
171.09
1414.16
856.79
430.51
1299.71
2097.08
901.39
1346.86
2113.65
2312.70
78.83
85.55
1149.78
280.51
1910.15
2309.12
911.17
577.88
652.85
80.88
1440.29
1429.12
597.96
1573.65
2381.09
1974.60
1737.45
1417.59
1344.89
1491.09
10.29
589.56
1512.77
1998.69
1307.37
1772.12
1938.76
576.35
1770.44
587.88
228.25
1956.64
535.33
1485.18
191.17
1844.16
2239.64
2142.48
1524.31
229.64
1297.37
1478.10
2391.39
2319.56
934.82
1442.04
1521.68
1775.40
1585.40
272.63
1996.13
1945.99
2070.66
16.20
947.37
423.43
786.13
2072.48
829.42
2175.33
2048.83
1605.77
173.72
933.50
475.11
29.93
1878.39
1267.59
1165.11
960.44
1731.53
1888.91
726.35
1668.54
2389.56
654.09
1264.09
441.09
1163.28
1610.22
1504.38
788.10
1613.58
835.55
1301.39
1807.52
2093.65
781.31
1963.43
1093.80
1674.38
1167.30
380.00
1892.48
504.82
1785.26
45.77
658.18
1561.61
1139.34
1085.99
1730.00
405.04
2360.95
1946.42
1797.15
989.42
759.20
1163.43
435.40
1093.94
321.09
782.41
913.80
2162.12
38.25
2231.97
148.10
1469.56
2157.23
1006.79
1364.01
2271.61
2364.60
2059.71
509.64
2242.99
2045.84
67.88
1506.57
645.18
236.06
1486.64
1812.34
1275.84
618.61
1461.53
991.02
1407.88
757.45
2079.42
75.55
1176.35
1309.34
1772.34
1364.96
2093.80
12.55
1693.43
359.49
451.39
1020.07
1932.12
1001.09
1689.78
1983.80
2293.21
480.29
1700.44
1416.86
2034.53
1085.40
1804.09
697.96
1328.25
138.18
973.87
194.23
1231.97
1142.63
957.08
2134.96
151.46
1973.36
1348.03
576.86
324.01
838.98
1131.17
2188.39
777.23
2157.08
490.29
790.00
2252.34
888.47
268.18
1996.93
546.20
1613.43
48.18
1767.59
935.99
670.66
1808.54
853.07
1440.58
1991.75
987.59
2003.94
1498.91
2126.57
611.53
174.16
563.36
743.14
1621.31
1076.64
135.47
798.47
267.59
1792.19
51.46
2042.70
720.22
2271.17
153.14
2283.50
2008.47
563.94
544.82
504.16
923.43
2351.09
2002.77
1912.04
1091.31
1.46
2130.22
2267.52
488.47
1956.13
784.38
1799.05
224.67
696.28
799.93
2136.28
2083.21
753.65
794.01
688.18
1766.93
2197.30
1952.85
479.34
350.00
1259.71
1668.39
2033.36
224.01
1600.15
708.32
100.80
862.85
2196.28
1570.58
2049.12
1355.77
806.28
788.69
2213.43
1114.45
518.47
674.96
782.04
920.66
927.01
214.89
1514.38
503.58
2112.55
167.59
326.50
1988.39
573.43
1219.64
1891.46
1054.89
503.14
1545.62
2142.77
1457.81
425.26
1324.60
137.66
1261.53
107.81
1431.53
1087.15
792.19
2119.05
1459.78
2255.18
2186.35
326.28
1038.10
71.17
310.58
1455.62
30.36
592.63
1902.63
258.10
1580.58
2297.37
953.58
2237.30
1633.94
314.16
2193.21
132.77
2380.29
206.50
1564.53
506.20
2158.39
1918.69
1197.45
1841.68
1658.61
1797.08
1253.50
1370.95
488.61
1996.20
707.96
1398.83
22.12
1035.77
2059.78
1451.02
945.33
263.72
1807.88
2030.07
1854.60
2382.92
2346.50
1518.25
1671.09
919.42
806.06
55.77
265.33
1368.39
61.24
1497.81
59.20
1141.90
2215.04
970.36
605.69
147.81
1079.49
1748.54
872.63
217.96
933.43
1139.42
1231.68
635.18
1537.08
1054.16
743.65
598.39
605.40
2084.67
875.77
1522.77
1554.60
892.85
1674.96
881.53
1184.89
2346.86
1533.58
1578.98
127.45
1634.82
920.80
2250.66
1149.93
409.56
2082.99
2049.49
2272.55
234.67
302.19
2054.89
15.84
1510.58
1768.76
986.35
165.47
1377.23
1469.85
845.04
1147.66
2029.71
1594.74
1030.22
19.78
1417.37
1466.42
1336.28
520.36
1681.17
1231.53
1945.84
1429.71
123.72
546.50
1690.36
2088.10
458.76
1006.13
1826.79
930.22
1959.20
728.39
2252.19
2358.91
1858.91
1799.64
2187.81
638.76
2112.63
2253.21
1821.90
1578.47
856.50
459.42
200.44
454.23
336.20
342.92
205.33
861.46
2076.72
2253.65
1558.69
121.68
1926.20
1391.61
2259.93
2014.45
1193.28
138.98
1353.58
1596.06
1064.60
1187.01
1908.25
481.61
1306.79
2163.58
2320.22
2137.66
1532.41
1699.85
1132.92
115.99
2116.13
1765.91
1094.16
2057.59
649.05
1862.41
1763.87
1940.22
151.90
991.90
2272.70
803.07
1016.57
604.89
1152.26
380.88
72.41
526.06
485.62
517.15
2232.41
190.88
1299.20
1328.76
1144.09
1980.44
2229.71
329.85
1272.26
284.60
343.72
2228.98
1959.78
915.55
1362.19
516.13
1543.72
1884.23
2289.12
1171.46
1868.25
1686.13
1533.14
2168.76
1908.18
1987.15
1913.80
1497.30
1506.72
1492.99
1844.16
2386.57
1548.39
513.07
2271.02
2352.70
44.67
1043.07
744.31
1721.02
1547.52
350.66
197.66
1501.68
1098.10
1158.03
1420.80
2354.23
787.74
527.96
2020.00
828.54
1003.80
2073.72
1942.63
1792.34
518.61
1640.51
92.99
181.24
115.11
646.28
1248.91
1209.05
853.72
2011.61
1063.58
1080.44
1241.90
2208.61
1849.34
2128.47
1153.72
1326.42
615.91
1160.29
17.59
1632.12
2060.15
1016.06
1904.09
2173.80
373.07
867.59
679.71
564.53
1693.80
910.22
912.70
2319.56
2375.47
892.34
2251.46
1048.54
2068.47
1827.15
569.49
1629.71
270.22
2289.12
569.27
1831.46
336.72
1031.90
2249.49
2117.01
697.37
2114.09
1372.19
2149.05
2052.19
783.65
2211.75
1111.39
726.57
1319.64
1401.17
1024.82
1744.96
2029.12
951.53
1471.82
273.65
989.42
2086.35
1651.75
869.85
786.93
2088.25
570.80
1662.04
1263.50
811.61
1722.55
939.27
1573.43
790.00
1104.38
1110.80
563.28
416.20
801.24
542.63
34.16
1.68
674.53
852.63
2290.36
1057.08
818.03
1036.28
1751.09
1859.56
805.33
1220.51
297.81
741.46
2080.29
1769.42
688.61
599.12
1907.01
1404.31
538.39
2137.74
1973.50
1588.10
990.51
877.37
930.73
1702.48
2350.29
1747.08
1137.23
1834.45
807.37
1711.82
1281.75
93.21
1568.32
2096.13
372.34
1273.43
340.73
1049.34
1504.89
2259.56
1109.56
1506.13
239.71
2081.53
619.56
1829.78
1011.75
2015.55
331.68
2100.22
956.86
588.03
182.92
410.00
1323.50
1496.72
1433.07
170.58
202.77
1037.30
1629.93
400.73
436.86
1751.68
1800.58
1958.69
788.39
2144.01
1725.04
1688.76
1840.29
2003.87
1007.66
270.07
1883.50
1886.13
937.74
520.80
2302.55
408.39
935.91
419.56
109.71
1401.17
1321.24
649.85
1486.64
1087.37
1411.53
2227.45
500.22
809.71
2299.27
2058.03
2295.62
1133.72
925.18
253.07
1447.81
1317.45
1534.31
741.97
1949.93
636.28
41.82
2265.91
1478.76
1637.01
879.85
1951.53
106.42
2240.73
326.50
1375.26
1541.82
688.10
671.17
1438.61
101.17
246.06
1176.86
2275.11
420.73
1792.34
1491.53
1685.77
923.58
2290.07
1738.69
1146.79
13.07
1620.66
1453.28
928.32
1448.98
2301.02
728.18
542.99
1340.95
2161.61
953.43
414.01
186.28
389.05
1337.30
1847.45
860.22
266.50
552.63
1197.88
108.25
314.23
2086.64
1622.04
1420.07
215.84
1545.47
41.17
1821.97
1274.01
2328.61
1407.81
1994.89
1470.58
2045.40
1155.33
1821.24
752.85
874.09
2277.37
2066.20
2269.27
544.67
739.05
606.35
1258.61
2093.36
883.65
1520.07
2327.96
2164.53
1712.77
1534.31
1810.88
789.71
1352.85
843.07
2251.90
1286.79
1245.26
401.53
491.82
857.37
2363.28
1617.37
2049.71
361.24
1301.97
1635.55
883.43
753.43
70.00
139.78
1142.99
310.58
1553.94
1299.56
865.11
794.38
2090.88
473.87
2262.26
800.80
956.50
1490.51
2041.17
1184.96
2327.45
1490.88
94.89
811.75
823.21
1117.30
1527.81
345.62
332.77
952.99
130.58
1897.45
2219.20
1329.12
1978.54
714.74
648.39
2286.93
731.53
2178.69
65.69
1675.40
1577.74
498.39
1676.50
130.22
616.50
201.68
265.69
1348.54
2271.68
70.73
398.25
2053.72
664.01
1487.37
55.69
725.40
360.36
1497.08
978.76
355.04
34.89
1462.12
945.84
816.28
110.07
1181.46
948.69
1554.67
965.26
2171.82
1628.32
620.44
159.56
1946.50
407.15
1178.83
703.50
594.23
1948.54
1956.86
554.96
1495.40
760.51
1894.53
1684.82
1167.81
1194.89
242.48
1712.92
306.50
172.04
849.56
1674.60
2309.64
275.91
1879.64
95.04
259.78
74.45
1230.00
2148.47
2367.01
608.69
1281.39
2118.98
1170.73
1217.23
198.47
1425.91
1084.53
2109.71
1248.91
1296.79
14.96
1209.85
1048.91
1256.57
1369.34
289.27
161.97
2311.46
18.76
734.96
1743.28
551.46
1789.42
1583.58
995.26
1144.31
914.45
1688.76
489.05
175.47
1328.39
1912.48
1498.39
182.99
1453.50
2032.99
1615.84
2060.29
2049.12
217.15
1418.54
905.40
2219.20
1709.56
225.18
244.09
95.69
1534.45
454.09
451.31
1561.82
481.82
624.09
2108.47
913.43
39.05
1291.17
1647.01
1401.17
2054.96
1572.26
881.53
1282.55
1849.64
979.93
607.37
1368.25
556.79
963.36
2256.86
351.75
1494.23
1744.60
2142.34
421.61
1998.54
804.45
2277.74
1404.53
530.51
565.84
781.31
1154.60
1786.20
535.91
203.07
1964.45
1351.39
588.83
1561.61
50.51
1995.91
217.52
908.54
942.99
93.87
1303.36
1650.15
1954.89
1442.04
1621.31
2039.49
1302.19
176.93
982.70
2163.07
1361.53
1591.61
56.64
1794.23
1057.01
1024.53
1812.92
2344.38
2266.35
2014.09
412.04
1025.77
1320.15
242.48
969.85
24.38
51.31
2110.07
10.88
2055.47
294.01
2074.09
1130.80
747.30
1936.42
1942.34
467.52
1805.99
1913.50
1040.07
2148.98
2084.67
2285.62
2170.95
708.25
779.64
868.69
559.93
203.94
969.42
1265.55
698.91
2250.07
1573.21
1412.63
1972.99
1601.09
133.21
2275.55
379.93
427.23
1711.61
590.44
2231.61
992.99
1688.03
110.44
1479.12
2227.74
2327.59
469.56
262.99
560.66
2202.19
515.40
411.17
1374.82
1593.65
1533.87
43.43
791.82
1230.36
1770.73
1933.36
1544.82
1607.81
1161.09
816.28
1125.99
1771.90
494.09
1739.27
1614.45
31.68
1966.06
763.36
897.66
263.87
133.07
1641.24
341.39
2357.66
1308.39
2171.97
579.27
1988.18
622.48
2329.78
1344.45
2186.06
233.80
1353.72
930.80
2095.55
300.07
18.91
1639.49
1265.62
755.33
1584.53
56.64
1610.22
512.04
1330.22
2001.02
2327.81
1041.61
1229.56
329.12
1011.46
951.39
1401.61
879.64
1023.21
471.53
106.13
1259.49
93.21
77.88
1760.80
577.96
880.29
204.16
165.55
2235.33
1710.80
621.61
991.68
1766.13
1056.42
1655.69
494.38
773.80
279.42
1033.65
1246.20
688.39
2326.64
492.04
986.79
640.36
469.78
1587.37
1900.58
1019.27
216.79
54.67
335.26
1132.55
1521.09
1210.95
1881.61
2100.88
1157.37
1167.52
300.66
1013.28
2183.65
1794.67
1096.42
1829.56
1863.72
1809.64
1909.71
351.31
2372.12
837.81
964.67
2234.16
1304.23
1871.24
754.96
269.34
1531.02
1137.59
1662.55
1001.39
2204.60
1032.48
533.36
598.61
886.13
1642.04
861.46
43.94
2088.10
1725.40
1769.12
224.53
15.69
561.39
1137.15
15.47
161.02
435.40
1598.54
123.50
2091.61
1170.15
2130.51
2301.39
910.07
828.32
2225.77
1914.45
1481.68
1165.33
1379.49
1739.85
59.49
866.57
1738.25
1926.13
1547.74
1458.25
1429.20
1169.71
725.40
1749.85
768.91
2305.99
453.58
914.23
1693.72
2357.74
2362.99
413.36
1084.53
901.46
2386.20
959.12
1380.80
2009.42
775.77
1458.47
887.08
575.47
1569.64
916.72
1519.20
37.66
1578.69
680.95
1175.62
2077.01
1259.42
821.24
1305.62
954.53
1671.31
2383.72
1644.96
1995.62
746.42
2136.64
729.93
1211.97
907.01
1111.31
471.02
581.31
598.39
1599.71
2303.87
758.69
906.50
1951.97
374.01
296.06
2220.58
2104.38
2325.11
545.77
582.41
478.54
1826.35
2273.36
1736.28
2359.34
379.20
330.88
334.31
1256.79
146.93
683.94
2104.82
1195.11
769.05
1565.69
563.28
775.55
832.99
1319.42
423.94
2169.85
1088.39
1013.94
1681.39
1769.93
509.56
2205.04
646.20
1732.19
1424.74
1412.55
831.75
1533.07
467.81
822.34
1479.42
1600.29
706.06
904.01
2063.80
2053.07
171.39
1629.85
133.28
2306.28
1718.18
1903.43
1692.12
1314.96
1825.33
2357.30
2344.53
1822.34
874.16
1129.05
1461.17
1643.94
2088.47
2124.31
411.39
1662.26
1004.82
1459.05
1678.10
1604.89
2024.31
291.46
559.27
1321.75
1726.06
168.25
623.94
160.00
1803.07
393.65
1573.43
194.16
868.39
1382.63
243.80
1125.55
1682.77
21.46
1236.13
2176.42
2185.04
130.58
1372.34
1184.60
2093.58
136.28
1867.15
1439.78
636.28
179.05
454.45
2117.30
432.85
333.43
616.35
1984.45
263.36
1074.31
2111.68
1803.14
1314.60
1579.71
385.69
1616.72
70.29
2225.26
2109.85
2265.69
2003.65
2074.09
719.78
142.41
536.86
109.71
523.21
1273.07
871.09
583.58
2150.44
684.53
2057.52
130.66
2043.28
980.22
169.27
77.52
76.86
1732.12
92.92
69.93
1038.54
127.37
734.01
2093.72
1667.23
1447.59
950.07
150.29
1596.13
888.91
574.16
1403.50
1202.48
2272.77
788.61
1438.25
787.66
1669.27
2130.80
110.44
2359.64
1482.99
1998.91
2153.14
2133.21
2158.03
1897.52
521.68
1328.47
1174.96
2374.01
1451.24
1857.08
1507.81
669.20
710.00
125.69
1810.58
126.20
1117.01
557.88
1594.96
935.91
2333.65
2269.05
843.65
399.56
377.30
2021.46
1012.12
986.93
2013.07
379.12
1212.70
1750.51
582.70
1570.36
1318.54
77.74
2140.73
1153.14
997.88
865.99
619.71
2218.10
1630.73
307.96
463.28
1605.84
120.51
1168.18
2189.78
1224.01
686.86
426.79
1490.07
290.29
165.18
1388.47
1036.13
2062.19
1602.85
700.73
1889.27
446.50
2109.49
2378.03
2387.66
1574.74
183.80
2100.95
102.41
294.23
1960.66
1063.14
825.04
146.06
2236.86
2201.46
1473.28
1562.85
1042.55
246.06
1105.99
1413.43
522.04
2139.85
2150.36
382.04
2230.36
766.06
1021.02
1513.21